state	statenum	year	adopt	elect1	elect2	income1	fiscal	party	religion	neighbor	nbrpercn
"AL"	1	64	0	0	1	47.52	-0.251	1.0	34.0	0	0.0
"AR"	4	64	0	1	0	45.45	-0.186	1.0	29.6	0	0.0
"AZ"	3	64	0	1	0	63.91	-0.236	0.0	14.5	0	0.0
"CA"	5	64	0	0	1	86.5	-0.321	1.0	6.2	0	0.0
"CO"	6	64	0	0	1	73.3	-0.283	1.0	8.9	0	0.0
"CT"	7	64	0	0	1	90.74	-0.193	0.0	1.3	0	0.0
"DE"	8	64	0	1	0	94.94	-0.309	1.0	2.9	0	0.0
"FL"	9	64	0	1	0	62.61	-0.275	1.0	15.3	0	0.0
"GA"	10	64	0	0	1	53.24	-0.28	1.0	31.1	0	0.0
"IA"	15	64	0	1	0	67.35	-0.255	0.0	7.8	0	0.0
"ID"	12	64	0	0	1	57.55	-0.237	1.0	33.6	0	0.0
"IL"	13	64	0	1	0	84.04	-0.22	0.0	8.1	0	0.0
"IN"	14	64	0	1	0	70.73	-0.282	0.0	10.3	0	0.0
"KS"	16	64	0	1	0	64.41	-0.264	1.0	10.5	0	0.0
"KY"	17	64	0	0	0	51.52	-0.323	1.0	31.4	0	0.0
"LA"	18	64	0	1	0	51.69	-0.217	1.0	18.4	0	0.0
"MA"	21	64	0	1	0	82.29	-0.301	1.0	0.8	0	0.0
"MD"	20	64	0	0	1	79.37	-0.328	1.0	4.9	0	0.0
"ME"	19	64	0	0	1	58.08	-0.171	1.0	2.3	0	0.0
"MI"	22	64	0	1	0	74.5	-0.276	1.0	7.5	0	0.0
"MN"	23	64	0	0	1	67.47	-0.244		9.3	0	0.0
"MO"	25	64	0	1	0	71.71	-0.212	1.0	20.4	0	0.0
"MS"	24	64	0	0	0	40.33	-0.253	1.0	34.4	0	0.0
"MT"	26	64	0	1	0	64.31	-0.114	0.0	7.9	0	0.0
"NC"	33	64	0	1	0	52.17	-0.255	1.0	28.5	0	0.0
"ND"	34	64	0	1	0	58.51	-0.156	0.0	6.9	0	0.0
"NE"	27	64	0	1	0	89.46	-0.22		10.9	0	0.0
"NH"	29	64	1	1	0	65.15	-0.189	0.0	1.2	0	0.0
"NJ"	30	64	0	0	1	83.69	-0.16	0.0	1.1	0	0.0
"NM"	31	64	0	1	0	57.26	-0.223	1.0	16.4	0	0.0
"NV"	28	64	0	0	1	124.0	-0.203	0.0	13.4	0	0.0
"NY"	32	64	0	0	1	87.56	-0.366	1.0	1.4	0	0.0
"OH"	35	64	0	0	1	72.9	-0.27	1.0	5.7	0	0.0
"OK"	36	64	0	0	1	57.56	-0.227	0.0	33.2	0	0.0
"OR"	37	64	0	0	1	71.6	-0.252	0.0	10.0	0	0.0
"PA"	38	64	0	0	1	71.29	-0.229	1.0	2.0	0	0.0
"RI"	39	64	0	1	0	71.26	-0.178	0.0	0.7	0	0.0
"SC"	40	64	0	0	1	45.83	-0.198	1.0	32.2	0	0.0
"SD"	41	64	0	1	0	57.07	-0.042	1.0	9.9	0	0.0
"TN"	42	64	0	0	1	68.48	-0.224	1.0	31.9	0	0.0
"TX"	43	64	0	1	0	80.97	-0.144	1.0	24.4	0	0.0
"UT"	44	64	0	1	0	62.14	-0.234	1.0	75.9	0	0.0
"VA"	46	64	0	0	1	60.3	-0.21	1.0	16.8	0	0.0
"VT"	45	64	0	1	0	60.47	-0.161	0.0	1.0	0	0.0
"WA"	47	64	0	1	0	74.26	-0.295	1.0	7.0	0	0.0
"WI"	49	64	0	1	0	68.78	-0.39	0.0	11.8	0	0.0
"WV"	48	64	0	1	0	53.55	-0.149	1.0	6.8	0	0.0
"WY"	50	64	0	0	1	72.27	-0.129	1.0	15.3	0	0.0
"AL"	1	65	0	0	1	49.69	-0.256	1.0	34.0	0	0.0
"AR"	4	65	0	0	0	47.22	-0.158	1.0	29.6	0	0.0
"AZ"	3	65	0	0	0	65.2	-0.247	1.0	14.5	0	0.0
"CA"	5	65	0	0	1	89.2	-0.32	1.0	6.2	0	0.0
"CO"	6	65	0	0	1	74.35	-0.294	0.0	8.9	0	0.0
"CT"	7	65	0	0	1	93.27	-0.16	0.0	1.3	0	0.0
"DE"	8	65	0	0	0	98.41	-0.298	1.0	2.9	0	0.0
"FL"	9	65	0	0	0	64.98	-0.211	1.0	15.3	0	0.0
"GA"	10	65	0	0	1	55.48	-0.206	1.0	31.1	0	0.0
"IA"	15	65	0	0	0	67.81	-0.214	1.0	7.8	0	0.0
"ID"	12	65	0	0	1	58.22	-0.198	1.0	33.6	0	0.0
"IL"	13	65	0	0	0	86.6	-0.179	0.0	8.1	0	0.0
"IN"	14	65	0	0	0	72.67	-0.246	1.0	10.3	0	0.0
"KS"	16	65	0	0	0	66.75	-0.24	1.0	10.5	0	0.0
"KY"	17	65	0	0	1	52.29	-0.254	1.0	31.4	0	0.0
"LA"	18	65	0	0	0	53.33	-0.25	1.0	18.4	0	0.0
"MA"	21	65	0	0	0	85.66	-0.317	0.0	0.8	1	0.1667
"MD"	20	65	0	0	1	81.78	-0.31	1.0	4.9	0	0.0
"ME"	19	65	0	0	1	61.32	-0.144	0.0	2.3	1	0.5
"MI"	22	65	0	0	0	78.22	-0.235	0.0	7.5	0	0.0
"MN"	23	65	0	0	1	67.81	-0.256		9.3	0	0.0
"MO"	25	65	0	0	0	73.36	-0.175	1.0	20.4	0	0.0
"MS"	24	65	0	0	1	41.33	-0.3	1.0	34.4	0	0.0
"MT"	26	65	0	0	0	64.59	-0.136	0.0	7.9	0	0.0
"NC"	33	65	0	0	0	54.63	-0.257	1.0	28.5	0	0.0
"ND"	34	65	0	0	0	60.57	-0.167	0.0	6.9	0	0.0
"NE"	27	65	0	0	0	89.28	-0.176		10.9	0	0.0
"NJ"	30	65	0	1	0	85.88	-0.18	0.0	1.1	0	0.0
"NM"	31	65	0	0	0	58.42	-0.199	1.0	16.4	0	0.0
"NV"	28	65	0	0	1	119.7	-0.206	0.0	13.4	0	0.0
"NY"	32	65	0	0	1	90.58	-0.356	0.0	1.4	0	0.0
"OH"	35	65	0	0	1	75.54	-0.193	0.0	5.7	0	0.0
"OK"	36	65	0	0	1	59.69	-0.235	0.0	33.2	0	0.0
"OR"	37	65	0	0	1	73.97	-0.201	0.0	10.0	0	0.0
"PA"	38	65	0	0	1	74.12	-0.199	0.0	2.0	0	0.0
"RI"	39	65	0	0	0	74.38	-0.195	0.0	0.7	0	0.0
"SC"	40	65	0	0	1	47.86	-0.195	1.0	32.2	0	0.0
"SD"	41	65	0	0	0	54.89	-0.105	1.0	9.9	0	0.0
"TN"	42	65	0	0	1	70.09	-0.213	1.0	31.9	0	0.0
"TX"	43	65	0	0	0	82.61	-0.159	1.0	24.4	0	0.0
"UT"	44	65	0	0	0	62.64	-0.231	1.0	75.9	0	0.0
"VA"	46	65	0	1	0	64.18	-0.21	1.0	16.8	0	0.0
"VT"	45	65	0	0	0	62.17	-0.103	0.0	1.0	1	0.3333
"WA"	47	65	0	0	0	75.71	-0.237	0.0	7.0	0	0.0
"WI"	49	65	0	0	0	71.37	-0.323	0.0	11.8	0	0.0
"WV"	48	65	0	0	0	55.42	-0.166	1.0	6.8	0	0.0
"WY"	50	65	0	0	1	70.85	-0.17	0.0	15.3	0	0.0
"AL"	1	66	0	1	0	53.54	-0.233	1.0	34.0	0	0.0
"AR"	4	66	0	1	0	51.64	-0.154	1.0	29.6	0	0.0
"AZ"	3	66	0	1	0	66.48	-0.221	1.0	14.5	0	0.0
"CA"	5	66	0	1	0	91.4	-0.339	1.0	6.2	0	0.0
"CO"	6	66	0	1	0	76.1	-0.258	0.0	8.9	0	0.0
"CT"	7	66	0	1	0	95.14	-0.165	0.0	1.3	0	0.0
"DE"	8	66	0	0	1	94.76	-0.277	1.0	2.9	0	0.0
"FL"	9	66	0	1	0	67.98	-0.243	1.0	15.3	0	0.0
"GA"	10	66	0	1	0	60.49	-0.211	1.0	31.1	0	0.0
"IA"	15	66	0	1	0	74.99	-0.226	1.0	7.8	0	0.0
"ID"	12	66	0	1	0	67.09	-0.152	1.0	33.6	0	0.0
"IL"	13	66	0	0	1	92.03	-0.229	0.0	8.1	0	0.0
"IN"	14	66	0	0	1	79.82	-0.242	1.0	10.3	0	0.0
"KS"	16	66	0	1	0	74.02	-0.195	1.0	10.5	0	0.0
"KY"	17	66	0	0	1	57.33	-0.206	1.0	31.4	0	0.0
"LA"	18	66	0	0	1	58.08	-0.22	1.0	18.4	0	0.0
"MA"	21	66	0	1	0	85.54	-0.31	0.0	0.8	1	0.1667
"MD"	20	66	0	1	0	84.24	-0.3	1.0	4.9	0	0.0
"ME"	19	66	0	1	0	63.93	-0.095	0.0	2.3	1	0.5
"MI"	22	66	0	1	0	84.37	-0.22	0.0	7.5	0	0.0
"MN"	23	66	0	1	0	74.86	-0.271		9.3	0	0.0
"MO"	25	66	0	0	1	74.67	-0.144	1.0	20.4	0	0.0
"MS"	24	66	0	0	1	44.86	-0.254	1.0	34.4	0	0.0
"MT"	26	66	0	0	1	68.49	-0.15	0.0	7.9	0	0.0
"NC"	33	66	0	0	1	57.24	-0.233	1.0	28.5	0	0.0
"ND"	34	66	0	0	1	64.03	-0.101	0.0	6.9	0	0.0
"NE"	27	66	0	1	0	95.94	-0.182		10.9	0	0.0
"NJ"	30	66	0	0	0	90.64	-0.166	1.0	1.1	0	0.0
"NM"	31	66	0	1	0	61.21	-0.186	1.0	16.4	0	0.0
"NV"	28	66	0	1	0	121.0	-0.189	0.0	13.4	0	0.0
"NY"	32	66	0	1	0	91.94	-0.352	0.0	1.4	0	0.0
"OH"	35	66	0	1	0	79.25	-0.235	0.0	5.7	0	0.0
"OK"	36	66	0	1	0	63.99	-0.2	0.0	33.2	0	0.0
"OR"	37	66	0	1	0	77.48	-0.194	0.0	10.0	0	0.0
"PA"	38	66	0	1	0	77.02	-0.198	0.0	2.0	0	0.0
"RI"	39	66	0	1	0	79.18	-0.197	0.0	0.7	0	0.0
"SC"	40	66	0	1	0	51.69	-0.199	1.0	32.2	0	0.0
"SD"	41	66	0	1	0	61.89	-0.109	1.0	9.9	0	0.0
"TN"	42	66	0	1	0	73.61	-0.215	1.0	31.9	0	0.0
"TX"	43	66	0	1	0	85.61	-0.103	1.0	24.4	0	0.0
"UT"	44	66	0	0	1	66.33	-0.285	1.0	75.9	0	0.0
"VA"	46	66	0	0	0	67.73	-0.199	1.0	16.8	0	0.0
"VT"	45	66	0	1	0	65.01	-0.098	0.0	1.0	1	0.3333
"WA"	47	66	0	0	1	81.45	-0.259	0.0	7.0	0	0.0
"WI"	49	66	0	1	0	76.31	-0.338	0.0	11.8	0	0.0
"WV"	48	66	0	0	1	56.8	-0.169	1.0	6.8	0	0.0
"WY"	50	66	0	1	0	71.52	-0.155	0.0	15.3	0	0.0
"AL"	1	67	0	0	0	56.22	-0.092	1.0	34.0	0	0.0
"AR"	4	67	0	0	0	54.69	0.004	0.0	29.6	0	0.0
"AZ"	3	67	0	0	0	69.22	-0.072	1.0	14.5	0	0.0
"CA"	5	67	0	0	0	94.07	-0.176	0.0	6.2	0	0.0
"CO"	6	67	0	0	0	79.34	-0.012	1.0	8.9	0	0.0
"CT"	7	67	0	0	0	100.4	-0.081	1.0	1.3	0	0.0
"DE"	8	67	0	0	1	96.06	-0.033	0.0	2.9	0	0.0
"FL"	9	67	0	0	0	71.16	0.002	0.0	15.3	0	0.0
"GA"	10	67	0	0	0	64.76	0.012	1.0	31.1	0	0.0
"IA"	15	67	0	0	0	81.42	-0.028	0.0	7.8	0	0.0
"ID"	12	67	0	0	0	66.52	-0.057	1.0	33.6	0	0.0
"IL"	13	67	0	0	1	96.09	-0.003	0.0	8.1	0	0.0
"IN"	14	67	0	0	1	83.7	0.017	0.0	10.3	0	0.0
"KS"	16	67	0	0	0	77.88	0.026	0.0	10.5	0	0.0
"KY"	17	67	0	1	0	61.1	-0.068	1.0	31.4	0	0.0
"LA"	18	67	0	0	1	61.95	0.02	1.0	18.4	0	0.0
"MA"	21	67	0	0	0	89.02	-0.083	0.0	0.8	1	0.1667
"MD"	20	67	0	0	0	87.21	-0.06	0.0	4.9	0	0.0
"ME"	19	67	0	0	0	67.39	-0.11	0.0	2.3	1	0.5
"MI"	22	67	0	0	0	88.96	-0.097	0.0	7.5	0	0.0
"MN"	23	67	0	0	0	79.02	0.05		9.3	0	0.0
"MO"	25	67	0	0	1	76.65	0.047	1.0	20.4	0	0.0
"MS"	24	67	0	1	0	48.36	-0.017	1.0	34.4	0	0.0
"MT"	26	67	0	0	1	71.4	-0.132	0.0	7.9	0	0.0
"NC"	33	67	0	0	1	61.93	0.018	1.0	28.5	0	0.0
"ND"	34	67	0	0	1	64.87	-0.01	0.0	6.9	0	0.0
"NE"	27	67	0	0	0	99.62	-0.037		10.9	0	0.0
"NJ"	30	67	0	0	1	93.74	-0.121	1.0	1.1	0	0.0
"NM"	31	67	0	0	0	64.9	0.022	0.0	16.4	0	0.0
"NV"	28	67	0	0	0	119.9	-0.164	0.0	13.4	0	0.0
"NY"	32	67	1	0	0	95.17	-0.156	0.0	1.4	0	0.0
"OH"	35	67	0	0	0	83.15	-0.205	1.0	5.7	0	0.0
"OK"	36	67	0	0	0	67.0	-0.028	0.0	33.2	0	0.0
"OR"	37	67	0	0	0	79.14	-0.145	0.0	10.0	0	0.0
"PA"	38	67	0	0	0	80.77	-0.146	1.0	2.0	0	0.0
"RI"	39	67	0	0	0	82.72	-0.185	0.0	0.7	0	0.0
"SC"	40	67	0	0	0	55.81	0.038	1.0	32.2	0	0.0
"SD"	41	67	0	0	0	65.84	-0.05	1.0	9.9	0	0.0
"TN"	42	67	0	0	0	76.37	-0.059	1.0	31.9	0	0.0
"TX"	43	67	0	0	0	87.15	0.048	1.0	24.4	0	0.0
"UT"	44	67	0	0	1	67.61	-0.15	0.0	75.9	0	0.0
"VA"	46	67	0	0	1	70.94	-0.126	1.0	16.8	0	0.0
"VT"	45	67	0	0	0	70.58	-0.115	0.0	1.0	1	0.3333
"WA"	47	67	0	0	1	87.69	-0.047	0.0	7.0	0	0.0
"WI"	49	67	0	0	0	80.91	-0.047	1.0	11.8	0	0.0
"WV"	48	67	0	0	1	59.22	-0.156	1.0	6.8	0	0.0
"WY"	50	67	0	0	0	74.55	-0.135	1.0	15.3	0	0.0
"AL"	1	68	0	0	1	57.59	-0.15	1.0	34.0	0	0.0
"AR"	4	68	0	1	0	55.66	-0.018	0.0	29.6	0	0.0
"AZ"	3	68	0	1	0	72.15	-0.095	1.0	14.5	0	0.0
"CA"	5	68	0	0	1	98.26	-0.207	0.0	6.2	0	0.0
"CO"	6	68	0	0	1	81.78	-0.048	1.0	8.9	0	0.0
"CT"	7	68	0	0	1	105.7	-0.061	1.0	1.3	1	0.3333
"DE"	8	68	0	1	0	96.62	-0.138	0.0	2.9	0	0.0
"FL"	9	68	0	0	1	75.31	-0.028	0.0	15.3	0	0.0
"GA"	10	68	0	0	1	67.82	-0.042	1.0	31.1	0	0.0
"IA"	15	68	0	1	0	82.05	-0.053	0.0	7.8	0	0.0
"ID"	12	68	0	0	1	68.25	-0.062	1.0	33.6	0	0.0
"IL"	13	68	0	1	0	99.73	-0.114	0.0	8.1	0	0.0
"IN"	14	68	0	1	0	84.74	-0.014	0.0	10.3	0	0.0
"KS"	16	68	0	1	0	81.11	0.025	0.0	10.5	0	0.0
"KY"	17	68	0	0	0	64.24	-0.093	0.0	31.4	0	0.0
"LA"	18	68	0	1	0	65.27	-0.091	1.0	18.4	0	0.0
"MA"	21	68	0	0	1	93.89	-0.059	0.0	0.8	2	0.3333
"MD"	20	68	0	0	1	90.96	-0.053	0.0	4.9	0	0.0
"ME"	19	68	0	0	1	69.96	-0.181	0.0	2.3	1	0.5
"MI"	22	68	0	0	1	90.01	-0.169	0.0	7.5	0	0.0
"MN"	23	68	0	0	1	81.84	0.035		9.3	0	0.0
"MO"	25	68	0	1	0	79.94	0.0	1.0	20.4	0	0.0
"MS"	24	68	0	0	0	50.49	-0.04	1.0	34.4	0	0.0
"MT"	26	68	0	1	0	73.73	-0.153	0.0	7.9	0	0.0
"NC"	33	68	0	1	0	64.45	-0.027	1.0	28.5	0	0.0
"ND"	34	68	0	1	0	66.82	-0.066	0.0	6.9	0	0.0
"NE"	27	68	0	0	1	102.6	-0.05		10.9	0	0.0
"NJ"	30	68	0	0	1	97.79	-0.047	0.0	1.1	1	0.3333
"NM"	31	68	0	1	0	65.89	0.0	0.0	16.4	0	0.0
"NV"	28	68	0	0	1	121.7	-0.139	0.0	13.4	0	0.0
"OH"	35	68	0	0	1	85.16	-0.235	1.0	5.7	0	0.0
"OK"	36	68	0	0	1	69.66	-0.051	0.0	33.2	0	0.0
"OR"	37	68	0	0	1	82.14	-0.218	0.0	10.0	0	0.0
"PA"	38	68	0	0	1	84.4	-0.187	1.0	2.0	1	0.1667
"RI"	39	68	0	1	0	88.35	-0.269	0.0	0.7	0	0.0
"SC"	40	68	0	0	1	57.95	-0.01	1.0	32.2	0	0.0
"SD"	41	68	0	1	0	69.43	-0.01	1.0	9.9	0	0.0
"TN"	42	68	0	0	1	79.26	-0.071	1.0	31.9	0	0.0
"TX"	43	68	0	1	0	91.99	-0.012	1.0	24.4	0	0.0
"UT"	44	68	0	1	0	69.36	-0.128	0.0	75.9	0	0.0
"VA"	46	68	0	0	1	74.44	-0.141	1.0	16.8	0	0.0
"VT"	45	68	0	1	0	74.55	-0.221	0.0	1.0	2	0.6667
"WA"	47	68	0	1	0	90.07	-0.142	0.0	7.0	0	0.0
"WI"	49	68	0	1	0	83.78	-0.059	1.0	11.8	0	0.0
"WV"	48	68	0	1	0	61.73	-0.178	1.0	6.8	0	0.0
"WY"	50	68	0	0	1	78.82	-0.117	1.0	15.3	0	0.0
"AL"	1	69	0	0	1	61.44	-0.145	1.0	34.0	0	0.0
"AR"	4	69	0	0	0	61.73	-0.067	0.0	29.6	0	0.0
"AZ"	3	69	0	0	0	76.2	0.011	1.0	14.5	0	0.0
"CA"	5	69	0	0	1	100.5	-0.106	0.0	6.2	0	0.0
"CO"	6	69	0	0	1	81.96	-0.057	1.0	8.9	0	0.0
"CT"	7	69	0	0	1	108.3	-0.136	1.0	1.3	1	0.3333
"DE"	8	69	0	0	0	96.6	-0.09	1.0	2.9	0	0.0
"FL"	9	69	0	0	1	77.68	-0.037	0.0	15.3	0	0.0
"GA"	10	69	0	0	1	72.17	-0.063	1.0	31.1	0	0.0
"IA"	15	69	0	0	0	82.27	-0.133	1.0	7.8	0	0.0
"ID"	12	69	0	0	1	68.73	-0.025	1.0	33.6	0	0.0
"IL"	13	69	0	0	0	101.3	-0.038	1.0	8.1	0	0.0
"IN"	14	69	0	0	0	86.34	-0.083	1.0	10.3	0	0.0
"KS"	16	69	0	0	0	86.99	-0.002	0.0	10.5	0	0.0
"KY"	17	69	0	0	1	67.87	-0.146	0.0	31.4	0	0.0
"LA"	18	69	0	0	0	69.35	-0.07	1.0	18.4	0	0.0
"MA"	21	69	0	0	1	95.06	-0.094	0.0	0.8	2	0.3333
"MD"	20	69	0	0	1	93.76	-0.072	1.0	4.9	0	0.0
"ME"	19	69	0	0	1	70.62	-0.196	0.0	2.3	1	0.5
"MI"	22	69	0	0	1	94.04	-0.097	0.0	7.5	0	0.0
"MN"	23	69	0	0	1	83.78	0.0		9.3	0	0.0
"MO"	25	69	0	0	0	83.97	-0.031	1.0	20.4	0	0.0
"MS"	24	69	0	0	1	55.97	-0.122	1.0	34.4	0	0.0
"MT"	26	69	0	0	0	74.17	-0.149	0.0	7.9	0	0.0
"NC"	33	69	0	0	0	69.41	-0.057	1.0	28.5	0	0.0
"ND"	34	69	0	0	0	70.19	-0.057	0.0	6.9	0	0.0
"NE"	27	69	0	0	1	95.46	0.061		10.9	0	0.0
"NJ"	30	69	0	1	0	101.9	-0.061	0.0	1.1	1	0.3333
"NM"	31	69	0	0	0	68.32	0.009	0.0	16.4	0	0.0
"NV"	28	69	0	0	1	115.1	-0.171	0.0	13.4	0	0.0
"OH"	35	69	0	0	1	89.95	-0.226	1.0	5.7	0	0.0
"OK"	36	69	0	0	1	73.84	-0.055	0.0	33.2	0	0.0
"OR"	37	69	0	0	1	84.62	-0.222	0.0	10.0	0	0.0
"PA"	38	69	0	0	1	86.97	-0.209	0.0	2.0	1	0.1667
"RI"	39	69	0	0	0	89.58	-0.241	1.0	0.7	0	0.0
"SC"	40	69	0	0	1	63.09	-0.067	1.0	32.2	0	0.0
"SD"	41	69	0	0	0	71.82	-0.042	1.0	9.9	0	0.0
"TN"	42	69	0	0	1	79.42	-0.034	0.0	31.9	0	0.0
"TX"	43	69	0	0	0	92.35	-0.012	1.0	24.4	0	0.0
"UT"	44	69	0	0	0	71.39	-0.106	0.0	75.9	0	0.0
"VA"	46	69	0	1	0	78.76	-0.126	1.0	16.8	0	0.0
"VT"	45	69	0	0	0	77.33	-0.246	1.0	1.0	2	0.6667
"WA"	47	69	0	0	0	94.07	-0.106	0.0	7.0	0	0.0
"WI"	49	69	0	0	0	83.19	-0.098	1.0	11.8	0	0.0
"WV"	48	69	0	0	0	64.28	-0.154	0.0	6.8	0	0.0
"WY"	50	69	0	0	1	78.98	-0.061	1.0	15.3	0	0.0
"AL"	1	70	0	1	0	64.59	-0.118	1.0	34.0	0	0.0
"AR"	4	70	0	1	0	63.24	-0.023	0.0	29.6	0	0.0
"AZ"	3	70	0	1	0	80.11	-0.053	1.0	14.5	0	0.0
"CA"	5	70	0	1	0	103.1	-0.117	0.0	6.2	0	0.0
"CO"	6	70	0	1	0	85.18	-0.009	1.0	8.9	0	0.0
"CT"	7	70	0	1	0	112.0	-0.205	1.0	1.3	1	0.3333
"DE"	8	70	0	0	1	100.1	-0.145	1.0	2.9	0	0.0
"FL"	9	70	0	1	0	82.2	-0.034	0.0	15.3	0	0.0
"GA"	10	70	0	1	0	76.34	-0.044	1.0	31.1	0	0.0
"IA"	15	70	0	1	0	85.77	-0.141	1.0	7.8	0	0.0
"ID"	12	70	0	1	0	73.09	-0.035	1.0	33.6	0	0.0
"IL"	13	70	0	0	1	104.5	-0.063	1.0	8.1	0	0.0
"IN"	14	70	0	0	1	89.43	-0.045	1.0	10.3	0	0.0
"KS"	16	70	0	1	0	88.26	-0.01	0.0	10.5	0	0.0
"KY"	17	70	0	0	1	70.14	-0.047	0.0	31.4	0	0.0
"LA"	18	70	0	0	1	70.14	-0.023	1.0	18.4	0	0.0
"MA"	21	70	0	1	0	98.03	-0.066	0.0	0.8	2	0.3333
"MD"	20	70	0	1	0	96.64	-0.032	1.0	4.9	0	0.0
"ME"	19	70	0	1	0	73.4	-0.197	0.0	2.3	1	0.5
"MI"	22	70	0	1	0	97.19	-0.065	0.0	7.5	0	0.0
"MN"	23	70	0	1	0	87.23	0.009		9.3	0	0.0
"MO"	25	70	0	0	1	84.5	-0.095	1.0	20.4	0	0.0
"MS"	24	70	0	0	1	57.47	-0.105	1.0	34.4	0	0.0
"MT"	26	70	0	0	1	76.29	-0.167	0.0	7.9	0	0.0
"NC"	33	70	0	0	1	72.82	-0.023	1.0	28.5	0	0.0
"ND"	34	70	0	0	1	72.69	-0.019	0.0	6.9	0	0.0
"NE"	27	70	0	1	0	97.73	0.033		10.9	0	0.0
"NJ"	30	70	0	0	0	104.1	-0.08	1.0	1.1	1	0.3333
"NM"	31	70	0	1	0	69.41	0.059	0.0	16.4	0	0.0
"NV"	28	70	0	1	0	116.9	-0.071	0.0	13.4	0	0.0
"OH"	35	70	0	1	0	92.64	-0.192	1.0	5.7	0	0.0
"OK"	36	70	0	1	0	75.24	-0.017	0.0	33.2	0	0.0
"OR"	37	70	0	1	0	85.83	-0.113	0.0	10.0	0	0.0
"PA"	38	70	0	1	0	89.65	-0.223	0.0	2.0	1	0.1667
"RI"	39	70	0	1	0	91.93	-0.214	1.0	0.7	0	0.0
"SC"	40	70	0	1	0	66.56	-0.069	1.0	32.2	0	0.0
"SD"	41	70	0	1	0	72.8	-0.031	1.0	9.9	0	0.0
"TN"	42	70	0	1	0	79.09	-0.062	0.0	31.9	0	0.0
"TX"	43	70	0	1	0	90.92	0.024	1.0	24.4	0	0.0
"UT"	44	70	0	0	1	72.92	-0.119	0.0	75.9	0	0.0
"VA"	46	70	0	0	0	81.57	-0.043	0.0	16.8	0	0.0
"VT"	45	70	0	1	0	79.54	-0.197	1.0	1.0	2	0.6667
"WA"	47	70	0	0	1	95.47	-0.14	0.0	7.0	0	0.0
"WI"	49	70	0	1	0	85.61	-0.09	1.0	11.8	0	0.0
"WV"	48	70	0	0	1	66.1	-0.138	0.0	6.8	0	0.0
"WY"	50	70	0	1	0	79.5	-0.005	1.0	15.3	0	0.0
"AL"	1	71	0	0	0	66.85	-0.122	1.0	34.0	0	0.0
"AR"	4	71	0	0	0	66.46	-0.01	1.0	29.6	0	0.0
"AZ"	3	71	0	0	0	84.55	-0.021	1.0	14.5	0	0.0
"CA"	5	71	0	0	0	103.5	-0.113	0.0	6.2	0	0.0
"CO"	6	71	0	0	0	89.17	-0.035	1.0	8.9	0	0.0
"CT"	7	71	0	0	0	112.0	-0.191	0.0	1.3	1	0.3333
"DE"	8	71	0	0	1	101.7	-0.123	1.0	2.9	0	0.0
"FL"	9	71	0	0	0	85.53	-0.048	1.0	15.3	0	0.0
"GA"	10	71	0	0	0	77.99	-0.046	1.0	31.1	0	0.0
"IA"	15	71	0	0	0	87.25	-0.127	1.0	7.8	0	0.0
"ID"	12	71	0	0	0	74.67	-0.161	0.0	33.6	0	0.0
"IL"	13	71	0	0	1	104.8	-0.006	0.0	8.1	0	0.0
"IN"	14	71	0	0	1	88.26	-0.002	1.0	10.3	0	0.0
"KS"	16	71	0	0	0	91.21	-0.058	0.0	10.5	0	0.0
"KY"	17	71	0	1	0	72.17	-0.091	0.0	31.4	0	0.0
"LA"	18	71	0	0	1	70.85	-0.033	1.0	18.4	0	0.0
"MA"	21	71	0	0	0	101.3	-0.118	0.0	0.8	2	0.3333
"MD"	20	71	0	0	0	100.0	0.007	1.0	4.9	0	0.0
"ME"	19	71	0	0	0	74.82	-0.194	0.0	2.3	1	0.5
"MI"	22	71	0	0	0	96.39	-0.102	0.0	7.5	0	0.0
"MN"	23	71	0	0	0	89.79	-0.052		9.3	0	0.0
"MO"	25	71	0	0	1	86.57	-0.104	1.0	20.4	0	0.0
"MS"	24	71	0	1	0	60.82	-0.096	1.0	34.4	0	0.0
"MT"	26	71	0	0	1	80.15	-0.163	0.0	7.9	0	0.0
"NC"	33	71	0	0	1	75.02	-0.037	1.0	28.5	0	0.0
"ND"	34	71	0	0	1	71.43	-0.036	0.0	6.9	0	0.0
"NE"	27	71	0	0	0	94.68	0.042		10.9	0	0.0
"NJ"	30	71	1	0	1	106.6	-0.167	1.0	1.1	1	0.3333
"NM"	31	71	0	0	0	72.99	0.037	1.0	16.4	0	0.0
"NV"	28	71	0	0	0	112.3	-0.101	0.0	13.4	0	0.0
"OH"	35	71	0	0	0	92.87	-0.196	0.0	5.7	0	0.0
"OK"	36	71	0	0	0	78.09	-0.044	1.0	33.2	0	0.0
"OR"	37	71	0	0	0	86.5	-0.208	0.0	10.0	0	0.0
"PA"	38	71	0	0	0	91.93	-0.207	1.0	2.0	1	0.1667
"RI"	39	71	0	0	0	90.69	-0.148	1.0	0.7	0	0.0
"SC"	40	71	0	0	0	68.22	-0.056	1.0	32.2	0	0.0
"SD"	41	71	0	0	0	73.28	0.029	0.0	9.9	0	0.0
"TN"	42	71	0	0	0	77.35	-0.07	0.0	31.9	0	0.0
"TX"	43	71	0	0	0	90.03	0.015	1.0	24.4	0	0.0
"UT"	44	71	0	0	1	74.35	-0.083	0.0	75.9	0	0.0
"VA"	46	71	0	0	1	85.04	-0.089	0.0	16.8	0	0.0
"VT"	45	71	0	0	0	78.22	-0.18	0.0	1.0	2	0.6667
"WA"	47	71	0	0	1	92.05	-0.199	0.0	7.0	0	0.0
"WI"	49	71	0	0	0	86.84	-0.042	0.0	11.8	0	0.0
"WV"	48	71	0	0	1	70.64	-0.179	0.0	6.8	0	0.0
"WY"	50	71	0	0	0	83.75	-0.061	1.0	15.3	0	0.0
"AL"	1	72	0	0	1	68.9	-0.12	1.0	34.0	0	0.0
"AR"	4	72	0	1	0	68.42	-0.033	1.0	29.6	0	0.0
"AZ"	3	72	0	0	1	87.22	-0.068	1.0	14.5	0	0.0
"CA"	5	72	0	0	1	103.2	-0.179	0.0	6.2	0	0.0
"CO"	6	72	0	0	1	92.82	-0.077	1.0	8.9	0	0.0
"CT"	7	72	0	0	1	110.9	-0.288	0.0	1.3	1	0.3333
"DE"	8	72	0	1	0	103.5	-0.125	1.0	2.9	1	0.3333
"FL"	9	72	0	0	1	87.4	-0.09	1.0	15.3	0	0.0
"GA"	10	72	0	0	1	80.13	-0.086	1.0	31.1	0	0.0
"IA"	15	72	0	1	0	86.34	-0.143	1.0	7.8	0	0.0
"ID"	12	72	0	0	1	75.46	-0.117	0.0	33.6	0	0.0
"IL"	13	72	0	1	0	106.2	-0.051	0.0	8.1	0	0.0
"IN"	14	72	0	1	0	89.57	-0.071	1.0	10.3	0	0.0
"KS"	16	72	0	1	0	93.64	-0.083	0.0	10.5	0	0.0
"KY"	17	72	0	0	0	73.34	-0.05	1.0	31.4	0	0.0
"LA"	18	72	0	1	0	72.29	-0.066	1.0	18.4	0	0.0
"MA"	21	72	1	0	1	101.5	-0.186	0.0	0.8	2	0.3333
"MD"	20	72	0	0	1	100.5	-0.094	1.0	4.9	0	0.0
"ME"	19	72	0	0	1	74.74	-0.207	0.0	2.3	1	0.5
"MI"	22	72	1	0	1	98.67	-0.149	0.0	7.5	0	0.0
"MN"	23	72	0	0	1	89.91	-0.094		9.3	0	0.0
"MO"	25	72	0	1	0	87.72	-0.109	1.0	20.4	0	0.0
"MS"	24	72	0	0	0	62.29	-0.097	1.0	34.4	0	0.0
"MT"	26	72	0	1	0	81.47	-0.18	0.0	7.9	0	0.0
"NC"	33	72	0	1	0	75.94	-0.04	1.0	28.5	0	0.0
"ND"	34	72	0	1	0	77.94	-0.027	0.0	6.9	0	0.0
"NE"	27	72	0	0	1	93.59	-0.009		10.9	0	0.0
"NM"	31	72	0	0	1	72.38	0.023	1.0	16.4	0	0.0
"NV"	28	72	0	0	1	113.4	-0.092	0.0	13.4	0	0.0
"OH"	35	72	0	0	1	92.81	-0.224	0.0	5.7	0	0.0
"OK"	36	72	0	0	1	77.86	-0.093	1.0	33.2	0	0.0
"OR"	37	72	0	0	1	88.41	-0.187	0.0	10.0	0	0.0
"PA"	38	72	1	0	1	92.16	-0.231	1.0	2.0	2	0.3333
"RI"	39	72	0	1	0	92.79	-0.181	1.0	0.7	0	0.0
"SC"	40	72	0	0	1	69.91	-0.021	1.0	32.2	0	0.0
"SD"	41	72	0	1	0	75.92	-0.042	0.0	9.9	0	0.0
"TN"	42	72	0	0	1	76.47	-0.093	0.0	31.9	0	0.0
"TX"	43	72	0	1	0	86.25	-0.024	1.0	24.4	0	0.0
"UT"	44	72	0	1	0	77.2	-0.095	0.0	75.9	0	0.0
"VA"	46	72	0	0	1	86.73	-0.09	0.0	16.8	0	0.0
"VT"	45	72	0	1	0	83.3	-0.21	0.0	1.0	2	0.6667
"WA"	47	72	0	1	0	91.78	-0.281	0.0	7.0	0	0.0
"WI"	49	72	0	0	1	87.04	-0.093	0.0	11.8	0	0.0
"WV"	48	72	0	1	0	72.98	-0.158	0.0	6.8	0	0.0
"WY"	50	72	0	0	1	85.31	-0.04	1.0	15.3	0	0.0
"AL"	1	73	0	0	1	71.15	-0.087	1.0	34.0	0	0.0
"AR"	4	73	0	0	0	70.38	0.032	1.0	29.6	0	0.0
"AZ"	3	73	0	0	1	91.63	-0.062	1.0	14.5	0	0.0
"CA"	5	73	0	0	1	107.4	-0.077	0.0	6.2	0	0.0
"CO"	6	73	0	0	1	95.11	-0.039	1.0	8.9	0	0.0
"CT"	7	73	0	0	1	114.7	-0.186	1.0	1.3	2	0.6667
"DE"	8	73	0	0	0	105.0	-0.066	0.0	2.9	2	0.6667
"FL"	9	73	0	0	1	88.6	-0.001	1.0	15.3	0	0.0
"GA"	10	73	0	0	1	82.34	-0.005	1.0	31.1	0	0.0
"IA"	15	73	0	0	0	92.07	-0.122	1.0	7.8	0	0.0
"ID"	12	73	0	0	1	79.41	-0.09	0.0	33.6	0	0.0
"IL"	13	73	0	0	0	109.9	-0.017	0.0	8.1	1	0.1667
"IN"	14	73	0	0	0	93.98	-0.041	1.0	10.3	1	0.25
"KS"	16	73	0	0	0	98.19	-0.041	0.0	10.5	0	0.0
"KY"	17	73	0	0	1	77.08	-0.102	1.0	31.4	0	0.0
"LA"	18	73	0	0	0	75.04	-0.052	1.0	18.4	0	0.0
"MD"	20	73	1	0	1	105.3	-0.132	1.0	4.9	1	0.25
"ME"	19	73	0	0	1	77.22	-0.119	0.0	2.3	2	1.0
"MN"	23	73	0	0	1	93.34	-0.055		9.3	0	0.0
"MO"	25	73	0	0	0	90.22	-0.039	0.0	20.4	0	0.0
"MS"	24	73	0	0	1	65.49	-0.059	1.0	34.4	0	0.0
"MT"	26	73	0	0	0	83.74	-0.085	1.0	7.9	0	0.0
"NC"	33	73	0	0	0	79.57	-0.008	0.0	28.5	0	0.0
"ND"	34	73	0	0	0	81.06	-0.023	0.0	6.9	0	0.0
"NE"	27	73	0	0	1	92.49	0.007		10.9	0	0.0
"NM"	31	73	0	0	1	77.61	0.038	1.0	16.4	0	0.0
"NV"	28	73	0	0	1	108.5	-0.144	1.0	13.4	0	0.0
"OH"	35	73	0	0	1	96.81	-0.191	0.0	5.7	2	0.4
"OK"	36	73	0	0	1	81.33	-0.036	1.0	33.2	0	0.0
"OR"	37	73	0	0	1	92.12	-0.2	0.0	10.0	0	0.0
"RI"	39	73	0	0	0	95.02	-0.121	1.0	0.7	1	0.5
"SC"	40	73	0	0	1	73.29	-0.017	1.0	32.2	0	0.0
"SD"	41	73	0	0	0	78.73	-0.016	0.0	9.9	0	0.0
"TN"	42	73	0	0	1	77.3	-0.009	0.0	31.9	0	0.0
"TX"	43	73	0	0	0	86.92	0.011	1.0	24.4	0	0.0
"UT"	44	73	0	0	0	79.8	-0.093	0.0	75.9	0	0.0
"VA"	46	73	0	1	0	91.23	-0.067	0.0	16.8	0	0.0
"VT"	45	73	0	0	0	83.79	-0.168	0.0	1.0	3	1.0
"WA"	47	73	0	0	0	96.48	-0.158	0.0	7.0	0	0.0
"WI"	49	73	0	0	1	89.89	-0.047	0.0	11.8	1	0.5
"WV"	48	73	0	0	0	76.35	-0.161	0.0	6.8	1	0.2
"WY"	50	73	0	0	1	92.83	-0.086	1.0	15.3	0	0.0
"AL"	1	74	0	1	0	78.37	-0.044	1.0	34.0	0	0.0
"AR"	4	74	0	1	0	80.74	0.075	1.0	29.6	0	0.0
"AZ"	3	74	0	1	0	94.91	-0.029	1.0	14.5	0	0.0
"CA"	5	74	0	1	0	111.7	-0.033	0.0	6.2	0	0.0
"CO"	6	74	0	1	0	101.1	0.045	1.0	8.9	0	0.0
"CT"	7	74	0	1	0	120.5	-0.059	1.0	1.3	2	0.6667
"DE"	8	74	0	0	1	116.8	-0.152	0.0	2.9	3	1.0
"FL"	9	74	0	1	0	99.0	0.024	1.0	15.3	0	0.0
"GA"	10	74	0	1	0	87.99	-0.012	1.0	31.1	0	0.0
"IA"	15	74	0	1	0	108.4	-0.04	1.0	7.8	0	0.0
"ID"	12	74	0	1	0	88.87	-0.067	0.0	33.6	0	0.0
"IL"	13	74	1	0	1	117.6	-0.037	0.0	8.1	1	0.1667
"IN"	14	74	0	0	1	101.3	-0.014	1.0	10.3	1	0.25
"KS"	16	74	0	1	0	108.4	0.08	0.0	10.5	0	0.0
"KY"	17	74	0	0	1	82.28	-0.004	1.0	31.4	0	0.0
"LA"	18	74	0	0	1	87.72	-0.047	1.0	18.4	0	0.0
"ME"	19	74	1	1	0	81.99	-0.126	0.0	2.3	2	1.0
"MN"	23	74	0	1	0	104.3	-0.018		9.3	0	0.0
"MO"	25	74	0	0	1	97.85	0.022	0.0	20.4	0	0.0
"MS"	24	74	0	0	1	71.79	-0.008	1.0	34.4	0	0.0
"MT"	26	74	0	0	1	94.47	-0.061	1.0	7.9	0	0.0
"NC"	33	74	0	0	1	86.46	0.055	0.0	28.5	0	0.0
"ND"	34	74	0	0	1	99.02	0.024	0.0	6.9	0	0.0
"NE"	27	74	0	1	0	101.8	0.07		10.9	0	0.0
"NM"	31	74	0	1	0	79.36	0.046	1.0	16.4	0	0.0
"NV"	28	74	0	1	0	108.4	-0.097	1.0	13.4	0	0.0
"OH"	35	74	1	1	0	102.9	-0.16	0.0	5.7	2	0.4
"OK"	36	74	0	1	0	88.16	-0.036	1.0	33.2	0	0.0
"OR"	37	74	0	1	0	98.72	-0.096	0.0	10.0	0	0.0
"RI"	39	74	1	1	0	98.59	-0.068	1.0	0.7	1	0.5
"SC"	40	74	0	1	0	78.93	0.02	1.0	32.2	0	0.0
"SD"	41	74	0	1	0	98.15	-0.006	0.0	9.9	0	0.0
"TN"	42	74	0	1	0	79.53	0.038	0.0	31.9	0	0.0
"TX"	43	74	0	1	0	87.81	0.086	1.0	24.4	0	0.0
"UT"	44	74	0	0	1	82.9	0.001	0.0	75.9	0	0.0
"VA"	46	74	0	0	0	98.82	-0.058	0.0	16.8	1	0.2
"VT"	45	74	0	1	0	82.7	-0.14	0.0	1.0	3	1.0
"WA"	47	74	0	0	1	104.6	-0.143	0.0	7.0	0	0.0
"WI"	49	74	0	1	0	96.97	0.013	0.0	11.8	1	0.5
"WV"	48	74	0	0	1	80.55	-0.116	0.0	6.8	2	0.4
"WY"	50	74	0	1	0	97.68	-0.05	1.0	15.3	0	0.0
"AL"	1	75	0	0	0	77.29	-0.073	1.0	34.0	0	0.0
"AR"	4	75	0	0	0	77.2	-0.001	1.0	29.6	0	0.0
"AZ"	3	75	0	0	0	94.16	-0.065	1.0	14.5	0	0.0
"CA"	5	75	0	0	0	110.4	-0.123	1.0	6.2	0	0.0
"CO"	6	75	0	0	0	100.7	0.028	0.0	8.9	0	0.0
"CT"	7	75	0	0	0	118.0	-0.085	1.0	1.3	3	1.0
"DE"	8	75	1	0	1	114.4	-0.04	1.0	2.9	3	1.0
"FL"	9	75	0	0	0	98.92	-0.032	1.0	15.3	0	0.0
"GA"	10	75	0	0	0	86.69	-0.037	1.0	31.1	0	0.0
"IA"	15	75	0	0	0	96.85	-0.037	0.0	7.8	1	0.1667
"ID"	12	75	0	0	0	89.88	-0.089	0.0	33.6	0	0.0
"IN"	14	75	0	0	1	95.42	0.118	0.0	10.3	3	0.75
"KS"	16	75	0	0	0	100.8	0.025	1.0	10.5	0	0.0
"KY"	17	75	0	1	0	81.31	0.04	1.0	31.4	2	0.25
"LA"	18	75	0	1	0	80.28	-0.01	1.0	18.4	0	0.0
"MN"	23	75	0	0	0	99.44	0.007		9.3	0	0.0
"MO"	25	75	0	0	1	92.41	-0.012	0.0	20.4	1	0.125
"MS"	24	75	0	1	0	69.11	-0.067	1.0	34.4	0	0.0
"MT"	26	75	0	0	1	89.62	-0.065	1.0	7.9	0	0.0
"NC"	33	75	0	0	1	84.33	0.032	0.0	28.5	0	0.0
"ND"	34	75	0	0	1	103.9	0.09	0.0	6.9	0	0.0
"NE"	27	75	0	0	0	82.77	0.033		10.9	0	0.0
"NM"	31	75	0	0	0	75.22	0.035	1.0	16.4	0	0.0
"NV"	28	75	0	0	0	95.95	-0.074	1.0	13.4	0	0.0
"OK"	36	75	0	0	0	84.57	0.002	1.0	33.2	0	0.0
"OR"	37	75	0	0	0	97.55	-0.119	1.0	10.0	0	0.0
"SC"	40	75	0	0	0	79.16	-0.076	0.0	32.2	0	0.0
"SD"	41	75	0	0	0	86.11	0.016	0.0	9.9	0	0.0
"TN"	42	75	0	0	0	71.51	-0.024	1.0	31.9	0	0.0
"TX"	43	75	0	0	0	78.18	0.098	1.0	24.4	0	0.0
"UT"	44	75	0	0	1	80.98	-0.055	1.0	75.9	0	0.0
"VA"	46	75	0	0	1	97.3	-0.107	0.0	16.8	1	0.2
"VT"	45	75	0	0	0	82.11	-0.108	0.0	1.0	3	1.0
"WA"	47	75	0	0	1	103.9	-0.158	0.0	7.0	0	0.0
"WI"	49	75	0	0	0	96.33	-0.063	1.0	11.8	2	1.0
"WV"	48	75	0	0	1	80.05	-0.119	0.0	6.8	3	0.6
"WY"	50	75	0	0	0	96.31	-0.015	0.0	15.3	0	0.0
"AL"	1	76	0	0	1	77.17	-0.104	1.0	34.0	0	0.0
"AR"	4	76	0	1	0	74.52	-0.082	1.0	29.6	0	0.0
"AZ"	3	76	0	0	1	90.95	-0.028	1.0	14.5	0	0.0
"CA"	5	76	0	0	1	110.8	-0.121	1.0	6.2	0	0.0
"CO"	6	76	0	0	1	98.47	-0.052	0.0	8.9	0	0.0
"CT"	7	76	0	0	1	115.6	-0.235	1.0	1.3	3	1.0
"FL"	9	76	0	0	1	94.16	-0.132	1.0	15.3	0	0.0
"GA"	10	76	0	0	1	84.0	-0.109	1.0	31.1	0	0.0
"IA"	15	76	0	0	1	99.87	-0.088	0.0	7.8	1	0.1667
"ID"	12	76	0	0	1	85.26	-0.12	0.0	33.6	0	0.0
"IN"	14	76	0	1	0	94.51	-0.033	0.0	10.3	3	0.75
"KS"	16	76	0	0	1	100.1	-0.024	1.0	10.5	0	0.0
"KY"	17	76	0	0	0	79.36	-0.021	1.0	31.4	2	0.25
"LA"	18	76	0	0	0	79.51	-0.067	1.0	18.4	0	0.0
"MN"	23	76	0	0	1	97.44	0.024		9.3	0	0.0
"MO"	25	76	0	1	0	91.15	-0.12	0.0	20.4	1	0.125
"MS"	24	76	0	0	0	68.61	-0.09	1.0	34.4	0	0.0
"MT"	26	76	0	1	0	92.92	-0.088	1.0	7.9	0	0.0
"NC"	33	76	0	1	0	81.41	-0.088	0.0	28.5	0	0.0
"ND"	34	76	0	1	0	98.2	0.122	0.0	6.9	0	0.0
"NE"	27	76	0	0	1	82.18	-0.087		10.9	0	0.0
"NM"	31	76	0	0	1	75.37	0.107	1.0	16.4	0	0.0
"NV"	28	76	0	0	1	88.28	-0.13	1.0	13.4	0	0.0
"OK"	36	76	0	0	1	84.06	0.013	1.0	33.2	0	0.0
"OR"	37	76	0	0	1	94.75	-0.139	1.0	10.0	0	0.0
"SC"	40	76	0	0	1	76.25	-0.161	0.0	32.2	0	0.0
"SD"	41	76	0	0	1	84.41	-0.048	0.0	9.9	0	0.0
"TN"	42	76	0	0	1	64.01	-0.157	1.0	31.9	0	0.0
"TX"	43	76	0	0	1	71.93	0.023	1.0	24.4	0	0.0
"UT"	44	76	0	1	0	81.51	-0.121	1.0	75.9	0	0.0
"VA"	46	76	0	0	1	95.71	-0.135	0.0	16.8	1	0.2
"VT"	45	76	0	1	0	82.38	-0.157	0.0	1.0	3	1.0
"WA"	47	76	0	1	0	105.0	-0.176	0.0	7.0	0	0.0
"WI"	49	76	0	0	1	95.42	-0.104	1.0	11.8	2	1.0
"WV"	48	76	0	1	0	81.76	-0.108	0.0	6.8	3	0.6
"WY"	50	76	0	0	1	98.92	0.018	0.0	15.3	0	0.0
"AL"	1	77	0	0	1	81.77	-0.176	1.0	34.0	0	0.0
"AR"	4	77	0	0	0	80.74	-0.109	1.0	29.6	0	0.0
"AZ"	3	77	0	0	1	93.76	-0.152	0.0	14.5	0	0.0
"CA"	5	77	0	0	1	114.3	-0.139	1.0	6.2	0	0.0
"CO"	6	77	0	0	1	104.2	-0.063	0.0	8.9	0	0.0
"CT"	7	77	0	0	1	118.4	-0.242	1.0	1.3	3	1.0
"FL"	9	77	0	0	1	98.3	-0.146	1.0	15.3	0	0.0
"GA"	10	77	0	0	1	88.78	-0.121	1.0	31.1	0	0.0
"IA"	15	77	0	0	1	102.8	-0.186	0.0	7.8	1	0.1667
"ID"	12	77	0	0	1	92.05	-0.154	0.0	33.6	0	0.0
"IN"	14	77	0	0	0	99.82	-0.115	0.0	10.3	3	0.75
"KS"	16	77	0	0	1	104.2	-0.071	0.0	10.5	0	0.0
"KY"	17	77	0	0	1	86.47	-0.073	1.0	31.4	2	0.25
"LA"	18	77	0	0	1	85.33	-0.094	1.0	18.4	0	0.0
"MN"	23	77	0	0	1	98.58	-0.068		9.3	0	0.0
"MO"	25	77	0	0	0	95.77	-0.154	1.0	20.4	1	0.125
"MS"	24	77	0	0	1	72.95	-0.128	1.0	34.4	0	0.0
"MT"	26	77	0	0	0	88.86	-0.135	0.0	7.9	0	0.0
"NC"	33	77	0	0	0	86.57	-0.193	1.0	28.5	0	0.0
"ND"	34	77	0	0	0	86.68	0.043	0.0	6.9	0	0.0
"NE"	27	77	0	0	1	74.88	-0.053		10.9	0	0.0
"NM"	31	77	0	0	1	83.14	0.045	1.0	16.4	0	0.0
"NV"	28	77	0	0	1	87.95	-0.183	1.0	13.4	0	0.0
"OK"	36	77	0	0	1	89.96	-0.053	1.0	33.2	0	0.0
"OR"	37	77	0	0	1	101.0	-0.183	1.0	10.0	0	0.0
"SC"	40	77	0	0	1	82.01	-0.158	0.0	32.2	0	0.0
"SD"	41	77	0	0	1	76.84	-0.071	0.0	9.9	0	0.0
"TN"	42	77	0	0	1	64.8	-0.181	1.0	31.9	0	0.0
"TX"	43	77	0	0	1	74.17	-0.014	1.0	24.4	0	0.0
"UT"	44	77	0	0	0	86.87	-0.118	0.0	75.9	0	0.0
"VA"	46	77	0	1	0	99.92	-0.104	0.0	16.8	1	0.2
"VT"	45	77	0	0	0	87.07	-0.164	0.0	1.0	3	1.0
"WA"	47	77	0	0	0	108.4	-0.187	1.0	7.0	0	0.0
"WI"	49	77	0	0	1	100.5	-0.084	1.0	11.8	2	1.0
"WV"	48	77	0	0	0	85.36	-0.154	1.0	6.8	3	0.6
"WY"	50	77	0	0	1	106.2	-0.055	0.0	15.3	0	0.0
"AL"	1	78	0	1	0	84.05	-0.107	1.0	34.0	0	0.0
"AR"	4	78	0	1	0	82.87	-0.083	1.0	29.6	0	0.0
"AZ"	3	78	0	1	0	96.88	-0.07	0.0	14.5	0	0.0
"CA"	5	78	0	1	0	118.6	-0.076	1.0	6.2	0	0.0
"CO"	6	78	0	1	0	107.3	-0.07	0.0	8.9	0	0.0
"CT"	7	78	0	1	0	121.1	-0.124	1.0	1.3	3	1.0
"FL"	9	78	0	1	0	100.0	-0.1	1.0	15.3	0	0.0
"GA"	10	78	0	1	0	90.38	-0.075	1.0	31.1	0	0.0
"IA"	15	78	0	1	0	102.7	-0.156	0.0	7.8	1	0.1667
"ID"	12	78	0	1	0	89.29	-0.146	0.0	33.6	0	0.0
"IN"	14	78	0	0	1	103.4	-0.006	0.0	10.3	3	0.75
"KS"	16	78	0	1	0	107.2	-0.067	0.0	10.5	0	0.0
"KY"	17	78	0	0	1	89.85	-0.069	1.0	31.4	2	0.25
"LA"	18	78	0	0	1	88.47	-0.118	1.0	18.4	0	0.0
"MN"	23	78	0	1	0	106.6	-0.07		9.3	0	0.0
"MO"	25	78	0	0	1	99.15	-0.056	1.0	20.4	1	0.125
"MS"	24	78	0	0	1	75.37	-0.085	1.0	34.4	0	0.0
"MT"	26	78	0	0	1	91.96	-0.144	0.0	7.9	0	0.0
"NC"	33	78	0	0	1	89.13	-0.076	1.0	28.5	0	0.0
"ND"	34	78	0	0	1	92.23	-0.001	0.0	6.9	0	0.0
"NE"	27	78	0	1	0	71.85	0.002		10.9	0	0.0
"NM"	31	78	0	1	0	87.72	0.069	1.0	16.4	0	0.0
"NV"	28	78	0	1	0	85.19	-0.167	1.0	13.4	0	0.0
"OK"	36	78	0	1	0	94.77	-0.013	1.0	33.2	0	0.0
"OR"	37	78	0	1	0	104.9	-0.135	1.0	10.0	0	0.0
"SC"	40	78	0	1	0	84.36	-0.085	0.0	32.2	0	0.0
"SD"	41	78	0	1	0	89.31	-0.068	0.0	9.9	0	0.0
"TN"	42	78	0	1	0	61.73	-0.08	1.0	31.9	0	0.0
"TX"	43	78	0	1	0	72.54	0.033	1.0	24.4	0	0.0
"UT"	44	78	0	0	1	88.51	-0.116	0.0	75.9	0	0.0
"VA"	46	78	0	0	0	103.5	-0.089	0.0	16.8	1	0.2
"VT"	45	78	1	1	0	87.06	-0.093	0.0	1.0	3	1.0
"WA"	47	78	0	0	1	112.0	-0.157	1.0	7.0	0	0.0
"WI"	49	78	0	1	0	103.3	-0.051	1.0	11.8	2	1.0
"WV"	48	78	0	0	1	89.78	-0.153	1.0	6.8	3	0.6
"WY"	50	78	0	1	0	114.4	0.089	0.0	15.3	0	0.0
"AL"	1	79	0	0	0	87.4	-0.095	1.0	34.0	0	0.0
"AR"	4	79	0	0	0	86.31	-0.015	1.0	29.6	0	0.0
"AZ"	3	79	0	0	0	103.3	-0.036	0.0	14.5	0	0.0
"CA"	5	79	0	0	0	123.7	-0.032	1.0	6.2	0	0.0
"CO"	6	79	0	0	0	112.0	-0.017	0.0	8.9	0	0.0
"CT"	7	79	0	0	0	124.5	-0.087	1.0	1.3	3	1.0
"FL"	9	79	0	0	0	104.9	-0.016	1.0	15.3	0	0.0
"GA"	10	79	0	0	0	93.74	-0.05	1.0	31.1	0	0.0
"IA"	15	79	0	0	0	110.0	-0.142	1.0	7.8	1	0.1667
"ID"	12	79	0	0	0	95.51	-0.106	0.0	33.6	0	0.0
"IN"	14	79	0	0	1	107.7	0.043	1.0	10.3	3	0.75
"KS"	16	79	0	0	0	111.9	-0.009	0.0	10.5	0	0.0
"KY"	17	79	0	1	0	93.09	-0.06	1.0	31.4	2	0.25
"LA"	18	79	0	1	0	92.68	-0.063	1.0	18.4	0	0.0
"MN"	23	79	0	0	0	109.8	-0.039		9.3	0	0.0
"MO"	25	79	0	0	1	102.7	-0.022	0.0	20.4	1	0.125
"MS"	24	79	0	1	0	80.23	-0.017	1.0	34.4	0	0.0
"MT"	26	79	0	0	1	97.92	-0.138	0.0	7.9	0	0.0
"NC"	33	79	0	0	1	92.22	-0.089	1.0	28.5	0	0.0
"ND"	34	79	0	0	1	105.0	0.009	0.0	6.9	0	0.0
"NE"	27	79	0	0	0	69.41	0.019		10.9	0	0.0
"NM"	31	79	0	0	0	91.1	0.116	1.0	16.4	0	0.0
"NV"	28	79	0	0	0	85.13	-0.178	0.0	13.4	0	0.0
"OK"	36	79	0	0	0	97.06	0.024	1.0	33.2	0	0.0
"OR"	37	79	0	0	0	109.8	-0.111	0.0	10.0	0	0.0
"SC"	40	79	0	0	0	87.17	-0.091	1.0	32.2	0	0.0
"SD"	41	79	0	0	0	95.2	-0.052	1.0	9.9	0	0.0
"TN"	42	79	0	0	0	60.82	-0.05	0.0	31.9	0	0.0
"TX"	43	79	0	0	0	72.1	0.061	0.0	24.4	0	0.0
"UT"	44	79	0	0	1	93.03	-0.077	0.0	75.9	0	0.0
"VA"	46	79	0	0	1	106.4	-0.034	0.0	16.8	1	0.2
"WA"	47	79	0	0	1	118.1	-0.105	0.0	7.0	0	0.0
"WI"	49	79	0	0	0	106.0	0.003	0.0	11.8	2	1.0
"WV"	48	79	0	0	1	90.17	-0.16	1.0	6.8	3	0.6
"WY"	50	79	0	0	0	128.6	0.136	0.0	15.3	0	0.0
"AL"	1	80	0	0	1	86.78	-0.074	1.0	34.0	0	0.0
"AR"	4	80	0	1	0	85.4	-0.052	1.0	29.6	0	0.0
"AZ"	3	80	0	0	1	98.75	-0.006	0.0	14.5	0	0.0
"CA"	5	80	0	0	1	125.5	-0.115	1.0	6.2	0	0.0
"CO"	6	80	0	0	1	113.6	0.014	0.0	8.9	0	0.0
"CT"	7	80	0	0	1	130.2	-0.046	1.0	1.3	3	1.0
"FL"	9	80	0	0	1	102.3	-0.025	1.0	15.3	0	0.0
"GA"	10	80	0	0	1	92.67	-0.057	1.0	31.1	0	0.0
"IA"	15	80	0	0	1	111.6	-0.144	1.0	7.8	1	0.1667
"ID"	12	80	0	0	1	93.97	-0.067	0.0	33.6	0	0.0
"IN"	14	80	0	1	0	108.2	0.034	1.0	10.3	3	0.75
"KS"	16	80	0	0	1	119.3	-0.025	0.0	10.5	0	0.0
"KY"	17	80	0	0	0	91.53	-0.107	1.0	31.4	2	0.25
"LA"	18	80	0	0	0	94.19	-0.015	0.0	18.4	0	0.0
"MN"	23	80	0	0	1	114.1	0.005		9.3	0	0.0
"MO"	25	80	0	1	0	105.1	-0.013	0.0	20.4	1	0.125
"MS"	24	80	0	0	0	76.57	-0.063	1.0	34.4	0	0.0
"MT"	26	80	0	1	0	98.08	-0.1	0.0	7.9	0	0.0
"NC"	33	80	0	1	0	91.3	-0.083	1.0	28.5	0	0.0
"ND"	34	80	0	1	0	106.1	-0.045	0.0	6.9	0	0.0
"NE"	27	80	0	0	1	111.8	0.011		10.9	0	0.0
"NM"	31	80	0	0	1	93.73	0.063	1.0	16.4	0	0.0
"NV"	28	80	0	0	1	123.5	-0.157	0.0	13.4	0	0.0
"OK"	36	80	0	0	1	106.0	-0.021	1.0	33.2	0	0.0
"OR"	37	80	0	0	1	112.1	-0.077	0.0	10.0	0	0.0
"SC"	40	80	0	0	1	85.76	-0.121	1.0	32.2	0	0.0
"SD"	41	80	0	0	1	95.4	-0.059	1.0	9.9	0	0.0
"TN"	42	80	0	0	1	90.79	-0.04	0.0	31.9	0	0.0
"TX"	43	80	0	0	1	108.3	0.045	0.0	24.4	0	0.0
"UT"	44	80	0	1	0	88.9	-0.102	0.0	75.9	0	0.0
"VA"	46	80	0	0	1	107.2	-0.062	0.0	16.8	1	0.2
"WA"	47	80	0	1	0	119.7	-0.085	0.0	7.0	0	0.0
"WI"	49	80	0	0	1	109.8	-0.028	0.0	11.8	2	1.0
"WV"	48	80	0	1	0	91.36	-0.182	1.0	6.8	3	0.6
"WY"	50	80	0	0	1	126.4	0.058	0.0	15.3	0	0.0
"AL"	1	81	0	0	1	86.57	-0.084	1.0	34.0	0	0.0
"AR"	4	81	0	0	0	83.63	-0.021	0.0	29.6	0	0.0
"AZ"	3	81	1	0	1	101.3	-0.027	0.0	14.5	0	0.0
"CA"	5	81	0	0	1	126.1	-0.098	1.0	6.2	0	0.0
"CO"	6	81	0	0	1	116.2	-0.005	0.0	8.9	0	0.0
"CT"	7	81	0	0	1	135.4	-0.069	0.0	1.3	3	1.0
"FL"	9	81	0	0	1	103.7	-0.011	1.0	15.3	0	0.0
"GA"	10	81	0	0	1	93.14	-0.065	1.0	31.1	0	0.0
"IA"	15	81	0	0	1	108.3	-0.133	1.0	7.8	1	0.1667
"ID"	12	81	0	0	1	92.99	-0.119	0.0	33.6	0	0.0
"IN"	14	81	0	0	0	103.5	-0.112	1.0	10.3	3	0.75
"KS"	16	81	0	0	1	115.4	-0.041	0.0	10.5	0	0.0
"KY"	17	81	0	0	1	88.1	-0.181	1.0	31.4	2	0.25
"LA"	18	81	0	0	1	97.49	-0.019	0.0	18.4	0	0.0
"MN"	23	81	0	0	1	112.4	-0.03		9.3	0	0.0
"MO"	25	81	0	0	0	103.8	-0.082	0.0	20.4	1	0.125
"MS"	24	81	0	0	1	76.09	-0.078	1.0	34.4	0	0.0
"MT"	26	81	0	0	0	98.65	-0.059	0.0	7.9	0	0.0
"NC"	33	81	0	0	0	90.3	-0.063	1.0	28.5	0	0.0
"ND"	34	81	0	0	0	101.0	-0.003	1.0	6.9	0	0.0
"NE"	27	81	0	0	1	108.3	0.02		10.9	0	0.0
"NM"	31	81	0	0	1	90.42	0.138	1.0	16.4	0	0.0
"NV"	28	81	0	0	1	123.0	-0.245	0.0	13.4	0	0.0
"OK"	36	81	0	0	1	105.1	-0.035	1.0	33.2	0	0.0
"OR"	37	81	0	0	1	107.6	-0.109	0.0	10.0	0	0.0
"SC"	40	81	0	0	1	83.92	-0.126	1.0	32.2	0	0.0
"SD"	41	81	0	0	1	90.5	-0.05	1.0	9.9	0	0.0
"TN"	42	81	0	0	1	89.28	-0.078	0.0	31.9	0	0.0
"TX"	43	81	0	0	1	110.0	0.038	0.0	24.4	0	0.0
"UT"	44	81	0	0	0	87.88	-0.112	0.0	75.9	0	0.0
"VA"	46	81	0	1	0	108.4	-0.067	0.0	16.8	1	0.2
"WA"	47	81	0	0	0	118.8	-0.155	0.0	7.0	0	0.0
"WI"	49	81	0	0	1	107.7	-0.079	0.0	11.8	2	1.0
"WV"	48	81	0	0	0	90.26	-0.187	1.0	6.8	3	0.6
"WY"	50	81	0	0	1	125.2	0.006	0.0	15.3	0	0.0
"AL"	1	82	0	1	0	86.67	0.04	1.0	34.0	0	0.0
"AR"	4	82	0	1	0	84.87	-0.054	0.0	29.6	0	0.0
"CA"	5	82	0	1	0	125.9	-0.16	1.0	6.2	1	0.3333
"CO"	6	82	0	1	0	117.8	-0.123	0.0	8.9	1	0.1429
"CT"	7	82	1	1	0	135.9	-0.078	0.0	1.3	3	1.0
"FL"	9	82	0	1	0	107.4	-0.026	1.0	15.3	0	0.0
"GA"	10	82	0	1	0	94.45	-0.052	1.0	31.1	0	0.0
"IA"	15	82	0	1	0	110.0	-0.135	1.0	7.8	1	0.1667
"ID"	12	82	0	1	0	94.02	-0.132	0.0	33.6	0	0.0
"IN"	14	82	0	0	1	102.4	-0.138	1.0	10.3	3	0.75
"KS"	16	82	0	1	0	113.7	-0.093	0.0	10.5	0	0.0
"KY"	17	82	0	0	1	88.7	-0.164	1.0	31.4	2	0.25
"LA"	18	82	0	0	1	100.8	-0.081	0.0	18.4	0	0.0
"MN"	23	82	0	1	0	113.3	-0.062		9.3	0	0.0
"MO"	25	82	0	0	1	102.1	-0.142	0.0	20.4	1	0.125
"MS"	24	82	0	0	1	77.78	-0.116	1.0	34.4	0	0.0
"MT"	26	82	0	0	1	99.04	-0.039	0.0	7.9	0	0.0
"NC"	33	82	0	0	1	91.36	-0.119	1.0	28.5	0	0.0
"ND"	34	82	0	0	1	107.5	0.066	1.0	6.9	0	0.0
"NE"	27	82	0	1	0	109.2	-0.045		10.9	0	0.0
"NM"	31	82	0	1	0	89.73	0.215	1.0	16.4	1	0.2
"NV"	28	82	0	1	0	122.5	-0.277	0.0	13.4	1	0.2
"OK"	36	82	0	1	0	108.3	-0.014	1.0	33.2	0	0.0
"OR"	37	82	0	1	0	105.1	-0.125	0.0	10.0	0	0.0
"SC"	40	82	0	1	0	84.46	-0.181	1.0	32.2	0	0.0
"SD"	41	82	0	1	0	92.51	-0.122	1.0	9.9	0	0.0
"TN"	42	82	0	1	0	88.94	-0.105	0.0	31.9	0	0.0
"TX"	43	82	0	1	0	113.6	0.069	0.0	24.4	0	0.0
"UT"	44	82	0	0	1	87.53	-0.114	0.0	75.9	1	0.1667
"VA"	46	82	0	0	0	109.3	-0.079	0.0	16.8	1	0.2
"WA"	47	82	1	0	1	118.7	-0.226	0.0	7.0	0	0.0
"WI"	49	82	0	1	0	106.2	-0.117	0.0	11.8	2	1.0
"WV"	48	82	0	0	1	88.19	-0.19	1.0	6.8	3	0.6
"WY"	50	82	0	1	0	123.0	0.043	0.0	15.3	0	0.0
"AL"	1	83	0	0	0	86.53	-0.109	1.0	34.0	0	0.0
"AR"	4	83	0	0	0	84.22	-0.052	1.0	29.6	0	0.0
"CA"	5	83	0	0	0	125.8	-0.149	0.0	6.2	1	0.3333
"CO"	6	83	1	0	0	122.0	-0.127	0.0	8.9	1	0.1429
"FL"	9	83	0	0	0	109.2	-0.106	1.0	15.3	0	0.0
"GA"	10	83	0	0	0	95.67	-0.105	1.0	31.1	0	0.0
"IA"	15	83	0	0	0	107.9	-0.162	0.0	7.8	1	0.1667
"ID"	12	83	0	0	0	89.21	-0.165	0.0	33.6	1	0.1667
"IN"	14	83	0	0	1	100.0	-0.104	1.0	10.3	3	0.75
"KS"	16	83	0	0	0	117.6	-0.078	0.0	10.5	0	0.0
"KY"	17	83	0	1	0	88.74	-0.1	1.0	31.4	2	0.25
"LA"	18	83	0	1	0	101.8	-0.105	0.0	18.4	0	0.0
"MN"	23	83	0	0	0	111.7	-0.12		9.3	0	0.0
"MO"	25	83	0	0	1	101.9	-0.092	0.0	20.4	1	0.125
"MS"	24	83	0	1	0	77.23	-0.104	1.0	34.4	0	0.0
"MT"	26	83	0	0	1	95.32	-0.041	0.0	7.9	0	0.0
"NC"	33	83	0	0	1	90.45	-0.106	1.0	28.5	0	0.0
"ND"	34	83	0	0	1	108.4	-0.041	0.0	6.9	0	0.0
"NE"	27	83	0	0	0	106.7	-0.052		10.9	0	0.0
"NM"	31	83	0	0	0	91.38	0.159	1.0	16.4	1	0.2
"NV"	28	83	0	0	0	116.5	-0.22	1.0	13.4	1	0.2
"OK"	36	83	0	0	0	112.0	0.018	1.0	33.2	0	0.0
"OR"	37	83	0	0	0	102.6	-0.203	0.0	10.0	1	0.25
"SC"	40	83	0	0	0	84.38	-0.186	1.0	32.2	0	0.0
"SD"	41	83	0	0	0	96.18	-0.043	1.0	9.9	0	0.0
"TN"	42	83	0	0	0	88.96	-0.08	0.0	31.9	0	0.0
"TX"	43	83	0	0	0	113.8	0.038	1.0	24.4	0	0.0
"UT"	44	83	0	0	1	87.77	-0.066	0.0	75.9	1	0.1667
"VA"	46	83	0	0	1	111.1	-0.084	0.0	16.8	1	0.2
"WI"	49	83	0	0	0	108.1	-0.087	1.0	11.8	2	1.0
"WV"	48	83	0	0	1	87.09	-0.132	1.0	6.8	3	0.6
"WY"	50	83	0	0	0	121.9	0.216	0.0	15.3	0	0.0
"AL"	1	84	0	0	1	88.73	-0.156	1.0	34.0	0	0.0
"AR"	4	84	0	1	0	86.25	-0.053	1.0	29.6	0	0.0
"CA"	5	84	1	0	1	127.3	-0.177	0.0	6.2	1	0.3333
"FL"	9	84	0	0	1	110.7	-0.083	1.0	15.3	0	0.0
"GA"	10	84	0	0	1	97.91	-0.076	1.0	31.1	0	0.0
"IA"	15	84	0	0	1	102.8	-0.2	0.0	7.8	1	0.1667
"ID"	12	84	0	0	1	91.97	-0.13	0.0	33.6	1	0.1667
"IN"	14	84	0	1	0	100.8	-0.072	1.0	10.3	3	0.75
"KS"	16	84	0	0	1	117.6	-0.11	0.0	10.5	1	0.25
"KY"	17	84	0	0	0	90.3	-0.124	0.0	31.4	2	0.25
"LA"	18	84	0	0	0	98.61	-0.224	0.0	18.4	0	0.0
"MN"	23	84	0	0	1	114.4	0.053		9.3	0	0.0
"MO"	25	84	1	1	0	105.5	-0.058	0.0	20.4	1	0.125
"MS"	24	84	0	0	0	77.98	-0.111	1.0	34.4	0	0.0
"MT"	26	84	0	1	0	95.76	-0.103	0.0	7.9	0	0.0
"NC"	33	84	0	1	0	94.11	-0.1	1.0	28.5	0	0.0
"ND"	34	84	0	1	0	110.6	-0.111	0.0	6.9	0	0.0
"NE"	27	84	0	0	1	108.5	-0.015		10.9	1	0.1667
"NM"	31	84	0	0	1	92.62	0.083	1.0	16.4	2	0.4
"NV"	28	84	0	0	1	118.8	-0.257	1.0	13.4	1	0.2
"OK"	36	84	0	0	1	104.9	-0.11	1.0	33.2	1	0.1667
"OR"	37	84	1	0	1	103.3	-0.173	0.0	10.0	1	0.25
"SC"	40	84	0	0	1	88.46	-0.139	1.0	32.2	0	0.0
"SD"	41	84	0	0	1	94.7	-0.045	1.0	9.9	0	0.0
"TN"	42	84	0	0	1	91.92	-0.088	0.0	31.9	0	0.0
"TX"	43	84	0	0	1	111.9	-0.054	1.0	24.4	0	0.0
"UT"	44	84	0	1	0	86.41	-0.162	0.0	75.9	2	0.3333
"VA"	46	84	0	0	1	116.3	-0.071	1.0	16.8	1	0.2
"WI"	49	84	0	0	1	109.2	-0.093	1.0	11.8	2	1.0
"WV"	48	84	1	1	0	88.12	-0.2	1.0	6.8	3	0.6
"WY"	50	84	0	0	1	114.0	0.105	0.0	15.3	1	0.1667
"AL"	1	85	0	0	1	92.5	0.025	1.0	34.0	0	0.0
"AR"	4	85	0	0	0	102.6	-0.003	1.0	29.6	1	0.1429
"FL"	9	85	0	0	1	118.1	0.0	1.0	15.3	0	0.0
"GA"	10	85	0	0	1	108.9	-0.034	1.0	31.1	0	0.0
"IA"	15	85	1	0	1	112.6	-0.132	0.0	7.8	2	0.3333
"ID"	12	85	0	0	1	93.39	-0.107	0.0	33.6	2	0.3333
"IN"	14	85	0	0	0	108.5	0.016	1.0	10.3	3	0.75
"KS"	16	85	0	0	1	122.7	-0.023	0.0	10.5	2	0.5
"KY"	17	85	0	0	1	95.35	-0.099	1.0	31.4	4	0.5
"LA"	18	85	0	0	1	100.1	-0.203	1.0	18.4	0	0.0
"MN"	23	85	0	0	1	122.6	0.038	0.0	9.3	0	0.0
"MS"	24	85	0	0	1	81.25	-0.076	1.0	34.4	0	0.0
"MT"	26	85	0	0	0	99.87	-0.116	0.0	7.9	0	0.0
"NC"	33	85	0	0	0	100.4	-0.021	0.0	28.5	0	0.0
"ND"	34	85	0	0	0	114.3	-0.034	0.0	6.9	0	0.0
"NE"	27	85	0	0	1	115.1	0.02		10.9	2	0.3333
"NM"	31	85	0	0	1	94.98	0.039	0.0	16.4	2	0.4
"NV"	28	85	0	0	1	123.3	-0.149	0.0	13.4	3	0.6
"OK"	36	85	0	0	1	107.6	-0.059	1.0	33.2	2	0.3333
"SC"	40	85	0	0	1	93.65	-0.097	1.0	32.2	0	0.0
"SD"	41	85	0	0	1	102.4	-0.058	1.0	9.9	0	0.0
"TN"	42	85	0	0	1	96.44	-0.044	0.0	31.9	1	0.125
"TX"	43	85	0	0	1	117.1	-0.027	1.0	24.4	0	0.0
"UT"	44	85	0	0	0	90.07	-0.049	1.0	75.9	2	0.3333
"VA"	46	85	0	1	0	122.7	-0.009	1.0	16.8	2	0.4
"WI"	49	85	0	0	1	115.5	0.054	1.0	11.8	2	1.0
"WY"	50	85	0	0	1	113.3	0.109	0.0	15.3	1	0.1667
"AL"	1	86	0	1	0	95.51	-0.09	1.0	34.0	0	0.0
"AR"	4	86	0	1	0	93.74	-0.031	1.0	29.6	1	0.1429
"FL"	9	86	1	1	0	123.0	-0.076	1.0	15.3	0	0.0
"GA"	10	86	0	1	0	112.2	-0.006	1.0	31.1	0	0.0
"ID"	12	86	1	1	0	99.51	-0.098	0.0	33.6	2	0.3333
"IN"	14	86	0	0	1	111.4	0.003	1.0	10.3	3	0.75
"KS"	16	86	1	1	0	123.3	-0.033	0.0	10.5	2	0.5
"KY"	17	86	0	0	1	96.86	-0.009	1.0	31.4	4	0.5
"LA"	18	86	0	0	1	100.9	-0.082	1.0	18.4	0	0.0
"MN"	23	86	0	1	0	126.1	0.017	0.0	9.3	1	0.25
"MS"	24	86	0	0	1	82.21	-0.072	1.0	34.4	0	0.0
"MT"	26	86	1	0	1	98.2	-0.109	0.0	7.9	0	0.0
"NC"	33	86	0	0	1	104.0	-0.024	0.0	28.5	0	0.0
"ND"	34	86	0	0	1	107.8	-0.045	0.0	6.9	0	0.0
"NE"	27	86	0	1	0	118.8	-0.063		10.9	3	0.5
"NM"	31	86	0	1	0	97.66	0.027	0.0	16.4	2	0.4
"NV"	28	86	0	1	0	129.6	-0.149	0.0	13.4	3	0.6
"OK"	36	86	0	1	0	109.5	-0.028	1.0	33.2	2	0.3333
"SC"	40	86	0	1	0	94.73	-0.135	1.0	32.2	0	0.0
"SD"	41	86	1	1	0	99.87	-0.076	1.0	9.9	1	0.1667
"TN"	42	86	0	1	0	100.6	-0.016	0.0	31.9	1	0.125
"TX"	43	86	0	1	0	120.7	-0.015	1.0	24.4	0	0.0
"UT"	44	86	0	0	1	93.9	-0.083	1.0	75.9	2	0.3333
"VA"	46	86	0	0	0	130.1	-0.019	1.0	16.8	2	0.4
"WI"	49	86	0	1	0	117.7	-0.061	1.0	11.8	3	1.5
"WY"	50	86	0	1	0	118.3	0.138	0.0	15.3	1	0.1667
